adding 27
27
--------------------------
adding 19
27
              19
--------------------------
adding 25
              27
25
              19
--------------------------
adding 28
                            28
              27
25
              19
--------------------------
adding 17
                            28
              27
25
              19
                            17
--------------------------
adding 10
                            28
              27
25
                            19
              17
                            10
--------------------------
adding 15
                            28
              27
25
                            19
              17
                                          15
                            10
--------------------------
adding 24
                            28
              27
25
                                          24
                            19
              17
                                          15
                            10
--------------------------
adding 7
                            28
              27
25
                                          24
                            19
              17
                                          15
                            10
                                          7
--------------------------
adding 5
                                          28
                            27
              25
                                          24
                            19
17
                            15
              10
                            7
                                          5
--------------------------
adding 0
                                          28
                            27
              25
                                          24
                            19
17
                            15
              10
                                          7
                            5
                                          0
--------------------------
adding 6
                                          28
                            27
              25
                                          24
                            19
17
                                          15
                            10
              7
                                          6
                            5
                                          0
--------------------------
removing 15
                                          28
                            27
              25
                                          24
                            19
17
                            10
              7
                                          6
                            5
                                          0
--------------------------
removing 19
                                          28
                            27
              25
                            24
17
                            10
              7
                                          6
                            5
                                          0
--------------------------
removing 24
                            28
              27
                            25
17
                            10
              7
                                          6
                            5
                                          0
--------------------------
removing 25
                            28
              27
17
                            10
              7
                                          6
                            5
                                          0
--------------------------
removing 17
                            28
              27
10
                            7
                                          6
              5
                            0
--------------------------
removing 7
                            28
              27
10
                            6
              5
                            0
--------------------------
removing 10
                            28
              27
6
              5
                            0
--------------------------
removing 5
                            28
              27
6
              0
--------------------------
removing 0
              28
27
              6
--------------------------
removing 28
27
              6
--------------------------
adding 1
              27
6
              1
--------------------------
adding 2
              27
6
                            2
              1
--------------------------
adding 17
              27
                            17
6
                            2
              1
--------------------------
adding 12
                            27
              17
                            12
6
                            2
              1
--------------------------
adding 21
                            27
                                          21
              17
                            12
6
                            2
              1
--------------------------
adding 11
                            27
                                          21
              17
                            12
                                          11
6
                            2
              1
--------------------------
adding 20
                                          27
                            21
                                          20
              17
                            12
                                          11
6
                            2
              1
--------------------------
adding 22
                            27
                                          22
              21
                            20
17
                            12
                                          11
              6
                                          2
                            1
--------------------------
adding 7
                            27
                                          22
              21
                            20
17
                                          12
                            11
                                          7
              6
                                          2
                            1
--------------------------
adding 28
                                          28
                            27
                                          22
              21
                            20
17
                                          12
                            11
                                          7
              6
                                          2
                            1
--------------------------
adding 9
                                          28
                            27
                                          22
              21
                            20
17
                                          12
                            11
                                                        9
                                          7
              6
                                          2
                            1
--------------------------
adding 14
                                          28
                            27
                                          22
              21
                            20
17
                                                        14
                                          12
                            11
                                                        9
                                          7
              6
                                          2
                            1
--------------------------
removing 6
                                          28
                            27
                                          22
              21
                            20
17
                                                        14
                                          12
                            11
                                          9
              7
                                          2
                            1
--------------------------
removing 2
                                          28
                            27
                                          22
              21
                            20
17
                                          14
                            12
              11
                                          9
                            7
                                          1
--------------------------
removing 9
                                          28
                            27
                                          22
              21
                            20
17
                                          14
                            12
              11
                            7
                                          1
--------------------------
removing 20
                            28
              27
                                          22
                            21
17
                                          14
                            12
              11
                            7
                                          1
--------------------------
removing 12
                            28
              27
                                          22
                            21
17
                            14
              11
                            7
                                          1
--------------------------
removing 7
                            28
              27
                                          22
                            21
17
                            14
              11
                            1
--------------------------
removing 28
                            27
              22
                            21
17
                            14
              11
                            1
--------------------------
removing 14
                            27
              22
                            21
17
              11
                            1
--------------------------
removing 11
                            27
              22
                            21
17
              1
--------------------------
removing 22
                            27
              21
17
              1
--------------------------
removing 1
              27
21
              17
--------------------------
